example_subset_accuracy: 0.394958
example_accuracy: 0.46358544
example_precision: 0.79831934
example_recall: 0.4691877
example_f1: 0.591020948599032
label_accuracy_macro: 0.85574229693089
label_precision_macro: 0.8844414292579245
label_recall_macro: 0.19084821552811607
label_f1_macro: 0.3139508833954099
label_accuracy_micro: 0.855742296920788
label_precision_micro: 0.7111111111432099
label_recall_micro: 0.45390070925858855
label_f1_micro: 0.5541125493948764
